Time	 pair_harmonic_sum_opt	759.948	13
Time	 potential_one_body_sum	0.130892	13
sum2: 4.98372
sum1b: 10.0203
Cores: 13
