Time	 pair_harmonic_sum_opt	581.47	19
Time	 potential_one_body_sum	0.130892	19
sum2: 4.98372
sum1b: 10.0203
Cores: 19
