Time	 pair_harmonic_sum_opt	697.32	15
Time	 potential_one_body_sum	0.204086	15
sum2: 4.98372
sum1b: 10.0203
Cores: 15
