Time	 pair_harmonic_sum_opt	4320.26	1
Time	 potential_one_body_sum	0.939131	1
sum2: 4.98372
sum1b: 10.0203
Cores: 1
