Time	 pair_harmonic_sum_opt	415.991	27
Time	 potential_one_body_sum	0.139952	27
sum2: 4.98372
sum1b: 10.0203
Cores: 27
