Time	 pair_harmonic_sum_opt	398.857	29
Time	 potential_one_body_sum	0.133991	29
sum2: 4.98372
sum1b: 10.0203
Cores: 29
