Time	 pair_harmonic_sum_opt	502.523	23
Time	 potential_one_body_sum	0.138044	23
sum2: 4.98372
sum1b: 10.0203
Cores: 23
