Time	 pair_harmonic_sum_opt	539.412	21
Time	 potential_one_body_sum	0.132084	21
sum2: 4.98372
sum1b: 10.0203
Cores: 21
