Time	 pair_harmonic_sum_opt	334.434	37
Time	 potential_one_body_sum	0.158787	37
sum2: 4.98372
sum1b: 10.0203
Cores: 37
