Time	 pair_harmonic_sum_opt	339.276	33
Time	 potential_one_body_sum	0.135899	33
sum2: 4.98372
sum1b: 10.0203
Cores: 33
