Time	 pair_harmonic_sum_opt	337.511	35
Time	 potential_one_body_sum	0.145912	35
sum2: 4.98372
sum1b: 10.0203
Cores: 35
