Time	 pair_harmonic_sum_opt	2411.89	3
Time	 potential_one_body_sum	0.808954	3
sum2: 4.98372
sum1b: 10.0203
Cores: 3
