Time	 pair_harmonic_sum_opt	332.137	43
Time	 potential_one_body_sum	0.149965	43
sum2: 4.98372
sum1b: 10.0203
Cores: 43
