Time	 pair_harmonic_sum_opt	1265.48	7
Time	 potential_one_body_sum	0.710011	7
sum2: 4.98372
sum1b: 10.0203
Cores: 7
