Time	 pair_harmonic_sum	466.376	1
Time	 pair_harmonic_sum_opt	874.588	1
sum: 0.496224
sum2: 0.996745
Cores: 1
