Time	 pair_harmonic_sum	442.327	13
Time	 pair_harmonic_sum_opt	84.4798	13
sum: 0.496224
sum2: 0.996745
Cores: 13
