Time	 pair_harmonic_sum	441.778	19
Time	 pair_harmonic_sum_opt	63.8289	19
sum: 0.496224
sum2: 0.996745
Cores: 19
