Time	 pair_harmonic_sum	443.117	15
Time	 pair_harmonic_sum_opt	94.9938	15
sum: 0.496224
sum2: 0.996745
Cores: 15
