Time	 pair_harmonic_sum	485.899	21
Time	 pair_harmonic_sum_opt	70.5578	21
sum: 0.496224
sum2: 0.996745
Cores: 21
