Time	 pair_harmonic_sum	441.011	29
Time	 pair_harmonic_sum_opt	48.9559	29
sum: 0.496224
sum2: 0.996745
Cores: 29
