Time	 pair_harmonic_sum	441.964	35
Time	 pair_harmonic_sum_opt	71.0258	35
sum: 0.496224
sum2: 0.996745
Cores: 35
