Time	 pair_harmonic_sum	464.796	3
Time	 pair_harmonic_sum_opt	295.25	3
sum: 0.496224
sum2: 0.996745
Cores: 3
