Time	 pair_harmonic_sum	439.325	37
Time	 pair_harmonic_sum_opt	57.75	37
sum: 0.496224
sum2: 0.996745
Cores: 37
