Time	 pair_harmonic_sum	464.815	41
Time	 pair_harmonic_sum_opt	81.5911	41
sum: 0.496224
sum2: 0.996745
Cores: 41
