Time	 pair_harmonic_sum	441.61	43
Time	 pair_harmonic_sum_opt	83.061	43
sum: 0.496224
sum2: 0.996745
Cores: 43
