Time	 pair_harmonic_sum	441.693	5
Time	 pair_harmonic_sum_opt	188.626	5
sum: 0.496224
sum2: 0.996745
Cores: 5
