Time	 pair_harmonic_sum	443.025	7
Time	 pair_harmonic_sum_opt	138.946	7
sum: 0.496224
sum2: 0.996745
Cores: 7
