Time	 pair_harmonic_sum	448.335	9
Time	 pair_harmonic_sum_opt	123.878	9
sum: 0.496224
sum2: 0.996745
Cores: 9
