Time	 pair_harmonic_sum	565.46	1
Time	 pair_harmonic_sum_opt	1117.72	1
sum: 0.496224
sum2: 0.996745
Cores: 1
