Time	 pair_harmonic_sum	486.662	2
Time	 pair_harmonic_sum_opt	486.456	2
sum: 0.496224
sum2: 0.996745
Cores: 2
