Time	 pair_harmonic_sum	568.395	3
Time	 pair_harmonic_sum_opt	376.92	3
sum: 0.496224
sum2: 0.996745
Cores: 3
