Time	 pair_harmonic_sum	500.991	4
Time	 pair_harmonic_sum_opt	272.152	4
sum: 0.496224
sum2: 0.996745
Cores: 4
