Time	 pair_harmonic_sum	533.806	5
Time	 pair_harmonic_sum_opt	224.534	5
sum: 0.496224
sum2: 0.996745
Cores: 5
