Time	 pair_harmonic_sum	538.597	6
Time	 pair_harmonic_sum_opt	187.808	6
sum: 0.496224
sum2: 0.996745
Cores: 6
