Time	 pair_harmonic_sum	562.799	9
Time	 pair_harmonic_sum_opt	132.645	9
sum: 0.496224
sum2: 0.996745
Cores: 9
