Time	 pair_harmonic_sum	440.61	11
Time	 pair_harmonic_sum_opt	95.67	11
sum: 0.496224
sum2: 0.996745
Cores: 11
