Time	 pair_harmonic_sum	440.604	19
Time	 pair_harmonic_sum_opt	70.5321	19
sum: 0.496224
sum2: 0.996745
Cores: 19
