Time	 pair_harmonic_sum	441.697	1
Time	 pair_harmonic_sum_opt	871.967	1
sum: 0.496224
sum2: 0.996745
Cores: 1
