Time	 pair_harmonic_sum	439.388	13
Time	 pair_harmonic_sum_opt	89.432	13
sum: 0.496224
sum2: 0.996745
Cores: 13
