Time	 pair_harmonic_sum	439.987	15
Time	 pair_harmonic_sum_opt	85.901	15
sum: 0.496224
sum2: 0.996745
Cores: 15
