Time	 pair_harmonic_sum	442.54	17
Time	 pair_harmonic_sum_opt	78.979	17
sum: 0.496224
sum2: 0.996745
Cores: 17
