Time	 pair_harmonic_sum	441.156	25
Time	 pair_harmonic_sum_opt	59.35	25
sum: 0.496224
sum2: 0.996745
Cores: 25
