Time	 pair_harmonic_sum	442.336	27
Time	 pair_harmonic_sum_opt	65.7969	27
sum: 0.496224
sum2: 0.996745
Cores: 27
