Time	 pair_harmonic_sum	442.393	29
Time	 pair_harmonic_sum_opt	59.7861	29
sum: 0.496224
sum2: 0.996745
Cores: 29
