Time	 pair_harmonic_sum	440.056	23
Time	 pair_harmonic_sum_opt	60.7331	23
sum: 0.496224
sum2: 0.996745
Cores: 23
