Time	 pair_harmonic_sum	442.426	3
Time	 pair_harmonic_sum_opt	294.743	3
sum: 0.496224
sum2: 0.996745
Cores: 3
