Time	 pair_harmonic_sum	441.229	35
Time	 pair_harmonic_sum_opt	92.844	35
sum: 0.496224
sum2: 0.996745
Cores: 35
