Time	 pair_harmonic_sum	443.473	31
Time	 pair_harmonic_sum_opt	61.7759	31
sum: 0.496224
sum2: 0.996745
Cores: 31
