Time	 pair_harmonic_sum	446.374	39
Time	 pair_harmonic_sum_opt	92.736	39
sum: 0.496224
sum2: 0.996745
Cores: 39
