Time	 pair_harmonic_sum	442.585	37
Time	 pair_harmonic_sum_opt	72.906	37
sum: 0.496224
sum2: 0.996745
Cores: 37
