Time	 pair_harmonic_sum	438.634	41
Time	 pair_harmonic_sum_opt	57.0769	41
sum: 0.496224
sum2: 0.996745
Cores: 41
