Time	 pair_harmonic_sum	441.039	43
Time	 pair_harmonic_sum_opt	69.793	43
sum: 0.496224
sum2: 0.996745
Cores: 43
