Time	 pair_harmonic_sum	443.284	5
Time	 pair_harmonic_sum_opt	187.094	5
sum: 0.496224
sum2: 0.996745
Cores: 5
