Time	 pair_harmonic_sum	444.242	7
Time	 pair_harmonic_sum_opt	139.487	7
sum: 0.496224
sum2: 0.996745
Cores: 7
