Time	 pair_harmonic_sum	444.091	9
Time	 pair_harmonic_sum_opt	117.933	9
sum: 0.496224
sum2: 0.996745
Cores: 9
