Time	 pair_harmonic_sum	525.893	13
Time	 pair_harmonic_sum_opt	126.802	13
sum: 0.496224
sum2: 0.996745
Cores: 13
