Time	 pair_harmonic_sum	526.415	1
Time	 pair_harmonic_sum_opt	1048.85	1
sum: 0.496224
sum2: 0.996745
Cores: 1
