Time	 pair_harmonic_sum	471.089	12
Time	 pair_harmonic_sum_opt	97.0659	12
sum: 0.496224
sum2: 0.996745
Cores: 12
