Time	 pair_harmonic_sum	448.639	14
Time	 pair_harmonic_sum_opt	177.945	14
sum: 0.496224
sum2: 0.996745
Cores: 14
