Time	 pair_harmonic_sum	544.594	17
Time	 pair_harmonic_sum_opt	169.07	17
sum: 0.496224
sum2: 0.996745
Cores: 17
