Time	 pair_harmonic_sum	450.396	11
Time	 pair_harmonic_sum_opt	103.086	11
sum: 0.496224
sum2: 0.996745
Cores: 11
