Time	 pair_harmonic_sum	564.587	10
Time	 pair_harmonic_sum_opt	129.427	10
sum: 0.496224
sum2: 0.996745
Cores: 10
