Time	 pair_harmonic_sum	465.627	15
Time	 pair_harmonic_sum_opt	90.543	15
sum: 0.496224
sum2: 0.996745
Cores: 15
