Time	 pair_harmonic_sum	448.496	19
Time	 pair_harmonic_sum_opt	112.737	19
sum: 0.496224
sum2: 0.996745
Cores: 19
