Time	 pair_harmonic_sum	439.879	16
Time	 pair_harmonic_sum_opt	72.0692	16
sum: 0.496224
sum2: 0.996745
Cores: 16
