Time	 pair_harmonic_sum	442.765	20
Time	 pair_harmonic_sum_opt	70.4598	20
sum: 0.496224
sum2: 0.996745
Cores: 20
