Time	 pair_harmonic_sum	561.105	2
Time	 pair_harmonic_sum_opt	558.336	2
sum: 0.496224
sum2: 0.996745
Cores: 2
