Time	 pair_harmonic_sum	563.589	4
Time	 pair_harmonic_sum_opt	279.405	4
sum: 0.496224
sum2: 0.996745
Cores: 4
