Time	 pair_harmonic_sum	546.466	5
Time	 pair_harmonic_sum_opt	224.697	5
sum: 0.496224
sum2: 0.996745
Cores: 5
