Time	 pair_harmonic_sum	562.775	6
Time	 pair_harmonic_sum_opt	187.521	6
sum: 0.496224
sum2: 0.996745
Cores: 6
