Time	 pair_harmonic_sum	565.454	7
Time	 pair_harmonic_sum_opt	161.872	7
sum: 0.496224
sum2: 0.996745
Cores: 7
