Time	 pair_harmonic_sum_opt	648.871	17
Time	 potential_one_body_sum	0.137091	17
sum2: 4.98372
sum1b: 10.0203
Cores: 17
