Time	 pair_harmonic_sum_opt	862.164	11
Time	 potential_one_body_sum	0.157833	11
sum2: 4.98372
sum1b: 10.0203
Cores: 11
