Time	 pair_harmonic_sum_opt	776.471	13
Time	 potential_one_body_sum	0.133038	13
sum2: 4.98372
sum1b: 10.0203
Cores: 13
