Time	 pair_harmonic_sum_opt	715.343	15
Time	 potential_one_body_sum	0.137091	15
sum2: 4.98372
sum1b: 10.0203
Cores: 15
