Time	 pair_harmonic_sum_opt	574.562	19
Time	 potential_one_body_sum	0.136137	19
sum2: 4.98372
sum1b: 10.0203
Cores: 19
