Time	 pair_harmonic_sum_opt	484.941	23
Time	 potential_one_body_sum	0.134945	23
sum2: 4.98372
sum1b: 10.0203
Cores: 23
