Time	 pair_harmonic_sum_opt	521.853	21
Time	 potential_one_body_sum	0.140905	21
sum2: 4.98372
sum1b: 10.0203
Cores: 21
