Time	 pair_harmonic_sum_opt	394.833	29
Time	 potential_one_body_sum	0.136137	29
sum2: 4.98372
sum1b: 10.0203
Cores: 29
