Time	 pair_harmonic_sum_opt	441.595	25
Time	 potential_one_body_sum	0.142097	25
sum2: 4.98372
sum1b: 10.0203
Cores: 25
