Time	 pair_harmonic_sum_opt	426.671	27
Time	 potential_one_body_sum	0.135183	27
sum2: 4.98372
sum1b: 10.0203
Cores: 27
