Time	 pair_harmonic_sum_opt	293.968	39
Time	 potential_one_body_sum	0.142097	39
sum2: 4.98372
sum1b: 10.0203
Cores: 39
