Time	 pair_harmonic_sum_opt	318.805	37
Time	 potential_one_body_sum	0.153065	37
sum2: 4.98372
sum1b: 10.0203
Cores: 37
