Time	 pair_harmonic_sum_opt	2405.09	3
Time	 potential_one_body_sum	0.978947	3
sum2: 4.98372
sum1b: 10.0203
Cores: 3
