Time	 pair_harmonic_sum_opt	275.621	41
Time	 potential_one_body_sum	0.142097	41
sum2: 4.98372
sum1b: 10.0203
Cores: 41
