Time	 pair_harmonic_sum_opt	1688.83	5
Time	 potential_one_body_sum	0.907898	5
sum2: 4.98372
sum1b: 10.0203
Cores: 5
