Time	 pair_harmonic_sum_opt	999.388	9
Time	 potential_one_body_sum	1.05524	9
sum2: 4.98372
sum1b: 10.0203
Cores: 9
